TABLE NO.     1: First Order Conditional Estimation with Interaction: Problem=1 Subproblem=0 Superproblem1=0 Iteration1=0 Superproblem2=0 Iteration2=0
 NAME         THETA1       THETA2       THETA3       THETA4       THETA5       THETA6       THETA7       SIGMA(1,1)   OMEGA(1,1)   OMEGA(2,1)   OMEGA(2,2)
 THETA1        1.07849E+04  1.52213E+03 -4.91132E+01  0.00000E+00 -6.10492E-01 -2.41240E+01  7.80907E+02  0.00000E+00  4.97433E+02  0.00000E+00  5.67495E+02
 THETA2        1.52213E+03  3.07965E+02 -1.18089E+01  0.00000E+00 -2.78083E-01  8.66371E-01 -4.64988E+01  0.00000E+00  1.39126E+02  0.00000E+00  4.40677E+01
 THETA3       -4.91132E+01 -1.18089E+01  1.49064E+01  0.00000E+00  3.45270E-01 -1.95716E+00  1.38003E+02  0.00000E+00 -6.09813E+01  0.00000E+00 -4.99920E+01
 THETA4        0.00000E+00  0.00000E+00  0.00000E+00  0.00000E+00  0.00000E+00  0.00000E+00  0.00000E+00  0.00000E+00  0.00000E+00  0.00000E+00  0.00000E+00
 THETA5       -6.10492E-01 -2.78083E-01  3.45270E-01  0.00000E+00  1.06470E-02 -1.52240E-01  9.51460E+00  0.00000E+00 -3.44624E-01  0.00000E+00 -9.19327E-01
 THETA6       -2.41240E+01  8.66371E-01 -1.95716E+00  0.00000E+00 -1.52240E-01  5.66763E+00 -2.67237E+02  0.00000E+00  1.53544E+01  0.00000E+00 -8.45203E+00
 THETA7        7.80907E+02 -4.64988E+01  1.38003E+02  0.00000E+00  9.51460E+00 -2.67237E+02  1.92355E+04  0.00000E+00 -5.92117E+02  0.00000E+00  1.92346E+02
 SIGMA(1,1)    0.00000E+00  0.00000E+00  0.00000E+00  0.00000E+00  0.00000E+00  0.00000E+00  0.00000E+00  0.00000E+00  0.00000E+00  0.00000E+00  0.00000E+00
 OMEGA(1,1)    4.97433E+02  1.39126E+02 -6.09813E+01  0.00000E+00 -3.44624E-01  1.53544E+01 -5.92117E+02  0.00000E+00 -1.42340E+05  0.00000E+00  4.84943E+02
 OMEGA(2,1)    0.00000E+00  0.00000E+00  0.00000E+00  0.00000E+00  0.00000E+00  0.00000E+00  0.00000E+00  0.00000E+00  0.00000E+00  0.00000E+00  0.00000E+00
 OMEGA(2,2)    5.67495E+02  4.40677E+01 -4.99920E+01  0.00000E+00 -9.19327E-01 -8.45203E+00  1.92346E+02  0.00000E+00  4.84943E+02  0.00000E+00  7.07549E+03
